U17_variant_id	U17_0p00mM_ZMP	U17_0p03mM_ZMP	U17_0p10mM_ZMP	U17_0p31mM_ZMP	U17_1p00mM_ZMP	U17_3p16mM_ZMP
24A_27A_89T_92T_112A_117A	0.1774	0.1901	0.2417	0.3305	0.5052	0.7682
24A_27A_89T_92T_112A_117G	0.2758	0.2911	0.3373	0.4317	0.6016	0.8191
24A_27A_89T_92T_112G_117A	0.2421	0.2553	0.2918	0.3754	0.5320	0.7796
24A_27A_89T_92T_112G_117G	0.3485	0.3579	0.3980	0.4876	0.6302	0.8240
24A_27A_89T_92C_112A_117A	0.4058	0.3932	0.4016	0.3984	0.3962	0.4447
24A_27A_89T_92C_112A_117G	0.3975	0.3853	0.3904	0.3947	0.3938	0.4618
24A_27A_89T_92C_112G_117A	0.1527	0.1559	0.1591	0.1604	0.1581	0.2391
24A_27A_89T_92C_112G_117G	0.2576	0.2550	0.2549	0.2624	0.2597	0.3449
24A_27A_89C_92T_112A_117A	0.5094	0.4947	0.5124	0.5577	0.6462	0.8053
24A_27A_89C_92T_112A_117G	0.1693	0.1874	0.2244	0.3304	0.4937	0.7764
24A_27A_89C_92T_112G_117A	0.8380	0.8177	0.8179	0.8255	0.8577	0.8642
24A_27A_89C_92T_112G_117G	0.4189	0.4144	0.4456	0.5043	0.6143	0.8030
24A_27A_89C_92C_112A_117A	0.6674	0.6477	0.6465	0.6436	0.6543	0.6341
24A_27A_89C_92C_112A_117G	0.1775	0.1825	0.1797	0.1822	0.1688	0.2255
24A_27A_89C_92C_112G_117A	0.5310	0.5167	0.5075	0.5098	0.5168	0.5216
24A_27A_89C_92C_112G_117G	0.1252	0.1302	0.1325	0.1360	0.1248	0.1872
24A_27G_89T_92T_112A_117A	0.2810	0.2817	0.3101	0.3721	0.4832	0.7126
24A_27G_89T_92T_112A_117G	0.3808	0.3817	0.4074	0.4681	0.5822	0.7731
24A_27G_89T_92T_112G_117A	0.3466	0.3482	0.3698	0.4250	0.5183	0.7271
24A_27G_89T_92T_112G_117G	0.4529	0.4480	0.4725	0.5286	0.6191	0.7860
24A_27G_89T_92C_112A_117A	0.4342	0.4237	0.4258	0.4206	0.4147	0.4259
24A_27G_89T_92C_112A_117G	0.4095	0.4008	0.3979	0.3990	0.3950	0.4214
24A_27G_89T_92C_112G_117A	0.1725	0.1728	0.1690	0.1790	0.1704	0.2152
24A_27G_89T_92C_112G_117G	0.2844	0.2772	0.2805	0.2818	0.2753	0.3118
24A_27G_89C_92T_112A_117A	0.5413	0.5404	0.5676	0.6401	0.7635	0.8644
24A_27G_89C_92T_112A_117G	0.1743	0.2147	0.2952	0.4579	0.6861	0.8564
24A_27G_89C_92T_112G_117A	0.8515	0.8359	0.8340	0.8465	0.8837	0.8833
24A_27G_89C_92T_112G_117G	0.5094	0.5169	0.5645	0.6512	0.7843	0.8732
24A_27G_89C_92C_112A_117A	0.7047	0.6937	0.6903	0.7000	0.7321	0.8184
24A_27G_89C_92C_112A_117G	0.1778	0.1834	0.2037	0.2610	0.3706	0.7199
24A_27G_89C_92C_112G_117A	0.5479	0.5367	0.5412	0.5597	0.6052	0.7694
24A_27G_89C_92C_112G_117G	0.1214	0.1351	0.1497	0.2111	0.3241	0.6955
24G_27A_89T_92T_112A_117A	0.4917	0.4858	0.4948	0.5300	0.5942	0.7464
24G_27A_89T_92T_112A_117G	0.5973	0.5857	0.6046	0.6333	0.6957	0.8130
24G_27A_89T_92T_112G_117A	0.5466	0.5346	0.5486	0.5765	0.6295	0.7573
24G_27A_89T_92T_112G_117G	0.6452	0.6333	0.6431	0.6690	0.7229	0.8166
24G_27A_89T_92C_112A_117A	0.7050	0.6887	0.7052	0.7475	0.8163	0.8652
24G_27A_89T_92C_112A_117G	0.6843	0.6831	0.7007	0.7520	0.8297	0.8726
24G_27A_89T_92C_112G_117A	0.4946	0.4956	0.5272	0.5893	0.7093	0.8301
24G_27A_89T_92C_112G_117G	0.6017	0.5990	0.6298	0.6883	0.7856	0.8603
24G_27A_89C_92T_112A_117A	0.7684	0.7496	0.7536	0.7537	0.7749	0.7934
24G_27A_89C_92T_112A_117G	0.2915	0.2917	0.3041	0.3300	0.3639	0.5300
24G_27A_89C_92T_112G_117A	0.8605	0.8415	0.8384	0.8442	0.8602	0.8553
24G_27A_89C_92T_112G_117G	0.3990	0.3865	0.3930	0.4246	0.4518	0.5767
24G_27A_89C_92C_112A_117A	0.8592	0.8404	0.8440	0.8539	0.8849	0.8796
24G_27A_89C_92C_112A_117G	0.4705	0.4753	0.5162	0.6107	0.7392	0.8545
24G_27A_89C_92C_112G_117A	0.7841	0.7651	0.7788	0.7938	0.8426	0.8682
24G_27A_89C_92C_112G_117G	0.3220	0.3417	0.3947	0.5053	0.6749	0.8364
24G_27G_89T_92T_112A_117A	0.5042	0.4944	0.5067	0.5273	0.5571	0.6795
24G_27G_89T_92T_112A_117G	0.5997	0.5894	0.6001	0.6224	0.6558	0.7563
24G_27G_89T_92T_112G_117A	0.5588	0.5444	0.5578	0.5768	0.5999	0.6924
24G_27G_89T_92T_112G_117G	0.6483	0.6348	0.6433	0.6622	0.6907	0.7715
24G_27G_89T_92C_112A_117A	0.6801	0.6637	0.6830	0.7130	0.7803	0.8408
24G_27G_89T_92C_112A_117G	0.6542	0.6485	0.6675	0.7086	0.7906	0.8537
24G_27G_89T_92C_112G_117A	0.5113	0.5140	0.5321	0.5789	0.6789	0.8081
24G_27G_89T_92C_112G_117G	0.6108	0.6060	0.6304	0.6787	0.7596	0.8421
24G_27G_89C_92T_112A_117A	0.7659	0.7549	0.7546	0.7739	0.8184	0.8536
24G_27G_89C_92T_112A_117G	0.3008	0.3177	0.3591	0.4482	0.5995	0.7957
24G_27G_89C_92T_112G_117A	0.8676	0.8513	0.8466	0.8565	0.8812	0.8791
24G_27G_89C_92T_112G_117G	0.4747	0.4757	0.5060	0.5723	0.6805	0.8200
24G_27G_89C_92C_112A_117A	0.9059	0.8832	0.8867	0.8883	0.9077	0.8931
24G_27G_89C_92C_112A_117G	0.8451	0.8289	0.8365	0.8514	0.8870	0.8874
24G_27G_89C_92C_112G_117A	0.7818	0.7654	0.7741	0.7959	0.8477	0.8767
24G_27G_89C_92C_112G_117G	0.3393	0.3644	0.4153	0.5329	0.7051	0.8538
